79872
69634
3
2051
79879
2056
9
10
73740
71692
77837
2064
20501
34838
75801
14362
77851
6172
24608
26656
4130
84000
36
84005
69668
30759
77864
41
34862
77871
50
75826
18493
73790
84031
67649
12353
36931
77892
69
84035
71751
12359
28743
77898
75
88143
79
8273
77908
4182
87
57433
4189
71774
67679
63583
77921
77919
82021
10343
14439
10344
82025
75881
6252
73836
63591
82023
88176
67697
4209
36979
79988
73838
2167
39031
122
36987
20608
2177
130
86147
20617
2185
37005
67726
37011
88212
6293
150
10390
6291
80021
152
32923
22685
158
26785
161
67749
4270
73903
80048
4273
18611
32947
88243
71860
26807
84153
22714
8378
4284
185
82111
16577
193
195
26820
198
24780
8397
75983
26835
6356
63701
71894
39125
71896
82132
2267
73947
222
88288
69857
86245
231
76008
88297
4332
82156
8431
2287
244
10485
246
71926
2299
256
84225
4354
37125
57607
82186
4364
20750
271
4373
14614
12567
80153
82205
285
28959
8481
2341
20777
10539
71981
76077
12591
35120
82225
303
57653
76085
2360
314
80193
33089
78152
4429
335
88400
22866
67923
10580
6490
14685
31069
72031
78176
63841
6498
78179
6499
358
29031
14697
76141
80241
2418
4467
78196
22905
379
382
29055
4480
12673
386
20867
6531
2437
4485
80265
29065
63883
398
399
2451
63891
76182
63899
413
10653
4511
418
78242
423
29095
27051
76204
4525
70062
430
27057
10680
4537
441
2490
4543
449
16834
18883
452
14789
458
78283
8652
467
63955
27093
14806
78292
10711
84441
2521
474
23006
14814
80352
57827
39399
8681
2538
494
72176
82424
84472
80379
37371
35325
29181
16895
18942
27137
2557
18947
23044
82437
509
27143
256
27907
1287
83084
917
79513
26785
15012
85032
41
14122
80816
18611
86710
81849
59197
80193
21955
81732
68293
8776
71628
75983
88400
81622
84441
79711
88288
87265
83300
10343
86759
21483
81516
39921
20081
1523
756
632
31353
256
27907
1287
83084
917
79513
26785
15012
85032
41
14122
80816
18611
86710
81849
59197
80193
21955
81732
68293
8776
71628
75983
88400
81622
84441
79711
88288
87265
83300
10343
86759
21483
81516
39921
20081
1523
756
632
31353
20608
84225
27907
77322
77837
74510
82703
398
85523
917
34838
85016
79513
30619
79393
85032
14122
27953
27831
63421
73409
80193
5441
81732
2374
78152
5450
80978
67029
88026
79711
10978
87651
81516
494
20081
39921
62581
10485
632
22905
80767
20608
84225
27907
77322
77837
74510
82703
398
85523
917
34838
85016
79513
30619
79393
85032
14122
27953
27831
63421
73409
80193
5441
81732
2374
78152
5450
80978
67029
88026
79711
10978
87651
81516
494
20081
39921
62581
10485
632
22905
80767
20608
84225
27907
77322
77837
74510
82703
398
85523
917
34838
85016
79513
30619
79393
85032
14122
27953
27831
63421
73409
80193
5441
81732
2374
78152
5450
80978
67029
88026
79711
10978
87651
81516
494
20081
39921
62581
10485
632
22905
80767
20608
84225
